An= [[1.00176288 0.97149755]
 [0.97149755 1.51083111]]
最急降下法
n= 2 , 1 回目
最適解は、 [ 4.21402106e-06 -2.82533761e-06]
最適値は、 3.358087482359911e-12
k= 42
ニュートン法
n= 2 , 1 回目
最適解は、 [ 8.88178420e-16 -1.33226763e-15]
最適値は、 5.863761728764686e-31
k= 1


An= [[0.24974871 0.43982338]
 [0.43982338 0.81488507]]
最急降下法
n= 2 , 2 回目
最適解は、 [ 1.82386442e-04 -9.96075154e-05]
最適値は、 2.0612956247230683e-10
k= 788
ニュートン法
n= 2 , 2 回目
最適解は、 [ 1.42108547e-14 -3.55271368e-15]
最適値は、 8.155417383093652e-30
k= 1


An= [[1.11476884 0.79135162]
 [0.79135162 0.7691912 ]]
最急降下法
n= 2 , 3 回目
最適解は、 [-8.33406281e-06  1.03652651e-05]
最適値は、 1.1673758799982392e-11
k= 66
ニュートン法
n= 2 , 3 回目
最適解は、 [-8.8817842e-16  8.8817842e-16]
最適値は、 1.1882484920915162e-31
k= 1


An= [[0.10631884 0.26564457]
 [0.26564457 0.97806447]]
最急降下法
n= 2 , 4 回目
最適解は、 [ 5.95024443e-05 -1.67031973e-05]
最適値は、 6.063242721998152e-11
k= 289
ニュートン法
n= 2 , 4 回目
最適解は、 [0.0000000e+00 4.4408921e-16]
最適値は、 9.644460329222392e-32
k= 1


An= [[0.49505243 0.71471099]
 [0.71471099 1.36475728]]
最急降下法
n= 2 , 5 回目
最適解は、 [ 1.85562356e-05 -1.04308146e-05]
最適値は、 2.1138683552122644e-11
k= 100
ニュートン法
n= 2 , 5 回目
最適解は、 [-1.77635684e-15  8.88178420e-16]
最適値は、 1.917417390528357e-31
k= 1


最急降下法のkの平均= 257.0
ニュートン法のkの平均= 1.0


An= [[1.8382513  1.9297273  1.22385197 1.27872924 1.46560208]
 [1.9297273  2.22387437 1.37685357 1.51248732 1.62541566]
 [1.22385197 1.37685357 1.29713904 0.95772674 1.22634857]
 [1.27872924 1.51248732 0.95772674 1.10009478 1.20012751]
 [1.46560208 1.62541566 1.22634857 1.20012751 1.44769992]]
最急降下法
n= 5 , 1 回目
最適解は、 [ 0.00156929 -0.00279063  0.00103751  0.00404534 -0.00268806]
最適値は、 1.087530312281795e-08
k= 19164
ニュートン法
n= 5 , 1 回目
最適解は、 [ 0.00000000e+00  0.00000000e+00  2.27373675e-13 -9.09494702e-13
  0.00000000e+00]
最適値は、 2.9046554704896126e-25
k= 1


An= [[1.85806179 2.16072401 0.9339079  1.51145354 1.15063418]
 [2.16072401 3.36037293 1.80651765 2.41627764 1.74345851]
 [0.9339079  1.80651765 1.40233668 1.27167297 0.95358935]
 [1.51145354 2.41627764 1.27167297 1.80893756 1.30868307]
 [1.15063418 1.74345851 0.95358935 1.30868307 1.01211368]]
最急降下法
n= 5 , 2 回目
最適解は、 [ 7.58657319e-05 -1.94033817e-04  6.96134011e-05  2.82302645e-04
 -1.85132649e-04]
最適値は、 9.416259428802308e-10
k= 1547
ニュートン法
n= 5 , 2 回目
最適解は、 [ 7.10542736e-14  0.00000000e+00  1.42108547e-14  5.68434189e-14
 -5.68434189e-14]
最適値は、 7.818367915836031e-27
k= 1


An= [[1.65630005 1.23813241 1.59456741 2.1451727  0.59396582]
 [1.23813241 1.14871233 1.25582226 1.49814851 0.25834481]
 [1.59456741 1.25582226 1.74992261 2.20861559 0.47947426]
 [2.1451727  1.49814851 2.20861559 3.15866947 0.81330651]
 [0.59396582 0.25834481 0.47947426 0.81330651 0.45110303]]
最急降下法
n= 5 , 3 回目
最適解は、 [-1.40687842e-04  9.92313692e-05 -3.18833791e-06  2.93410181e-05
  8.10689277e-05]
最適値は、 3.4564052753101734e-10
k= 1413
ニュートン法
n= 5 , 3 回目
最適解は、 [-2.84217094e-14  3.55271368e-15  1.06581410e-14  0.00000000e+00
 -3.55271368e-15]
最適値は、 2.565238051972829e-28
k= 1


An= [[2.0059897  1.07680471 1.29965628 1.57936051 1.16006661]
 [1.07680471 0.92722422 0.77673743 0.8351493  0.62580667]
 [1.29965628 0.77673743 1.75507584 0.96641344 0.94048418]
 [1.57936051 0.8351493  0.96641344 1.79857114 1.01347412]
 [1.16006661 0.62580667 0.94048418 1.01347412 0.73892027]]
最急降下法
n= 5 , 4 回目
最適解は、 [-2.22819173e-04  2.77801769e-05 -1.68057227e-04 -1.52435511e-04
  7.52959632e-04]
最適値は、 1.668816516654587e-09
k= 2725
ニュートン法
n= 5 , 4 回目
最適解は、 [-1.42108547e-14  1.77635684e-15 -2.84217094e-14 -4.26325641e-14
  5.68434189e-14]
最適値は、 1.4149121373860123e-27
k= 1


An= [[1.59535581 1.25717835 1.76924919 1.12319172 0.85919331]
 [1.25717835 1.84306561 2.02665465 0.6904924  1.17189631]
 [1.76924919 2.02665465 2.76255431 1.16483202 1.7450155 ]
 [1.12319172 0.6904924  1.16483202 0.94903019 0.53170056]
 [0.85919331 1.17189631 1.7450155  0.53170056 1.37500396]]
最急降下法
n= 5 , 5 回目
最適解は、 [ 2.04495511e-05  7.12693931e-05 -1.59560596e-04  6.05051324e-05
  1.05971661e-04]
最適値は、 3.8875170927579975e-10
k= 1493
ニュートン法
n= 5 , 5 回目
最適解は、 [-4.26325641e-14 -1.42108547e-14  0.00000000e+00 -7.10542736e-15
  0.00000000e+00]
最適値は、 2.831484377335632e-27
k= 1


最急降下法のkの平均= 5268.4
ニュートン法のkの平均= 1.0


An= [[3.81800629 2.82093079 2.35799468 3.19544732 3.03595101 3.78316792
  2.10888167 2.23045935 2.84092023 4.14042838]
 [2.82093079 2.88296654 2.61537621 2.59383671 2.64480045 3.10924293
  1.66391835 1.66556052 2.11646605 3.7311502 ]
 [2.35799468 2.61537621 3.09857322 2.46618528 2.78232989 3.17639016
  1.80797642 1.62199145 2.17969268 3.59682983]
 [3.19544732 2.59383671 2.46618528 3.46564394 2.97362081 3.32467159
  1.86230511 2.31183103 2.9465389  3.68368099]
 [3.03595101 2.64480045 2.78232989 2.97362081 4.08797057 3.43427845
  2.29784499 2.07836234 2.84616483 3.47846568]
 [3.78316792 3.10924293 3.17639016 3.32467159 3.43427845 4.83620349
  2.18911652 2.38898474 2.71391433 4.43679938]
 [2.10888167 1.66391835 1.80797642 1.86230511 2.29784499 2.18911652
  1.81125119 1.19431252 1.90178283 2.4835558 ]
 [2.23045935 1.66556052 1.62199145 2.31183103 2.07836234 2.38898474
  1.19431252 1.72097899 2.07672965 2.48279888]
 [2.84092023 2.11646605 2.17969268 2.9465389  2.84616483 2.71391433
  1.90178283 2.07672965 3.11066603 3.10512454]
 [4.14042838 3.7311502  3.59682983 3.68368099 3.47846568 4.43679938
  2.4835558  2.48279888 3.10512454 5.71774259]]
最急降下法
n= 10 , 1 回目
最適解は、 [ 1.35213494e-04 -1.90415163e-05  1.29637201e-04 -4.20214049e-05
 -3.10824202e-05 -9.82539712e-05  4.30797355e-05  1.67243392e-04
 -1.09470491e-04 -7.74924914e-05]
最適値は、 1.0693476832223853e-09
k= 3573
ニュートン法
n= 10 , 1 回目
最適解は、 [-6.25277607e-13  5.82645043e-13 -5.68434189e-13 -7.10542736e-14
 -1.42108547e-14  3.41060513e-13  1.42108547e-13  1.13686838e-13
  1.13686838e-13  1.13686838e-13]
最適値は、 4.5211644885114845e-26
k= 1


An= [[3.61006805 2.97319346 2.55951186 1.98539718 3.44478007 2.85444311
  2.97349581 2.41764729 3.48971486 2.3147884 ]
 [2.97319346 2.70155904 2.18320146 1.84081372 2.78033672 2.29371715
  2.57789564 1.98333077 2.82657925 1.70422506]
 [2.55951186 2.18320146 2.18142589 1.51695778 2.57798749 1.70771832
  2.30651924 1.55932879 2.72755164 1.66206029]
 [1.98539718 1.84081372 1.51695778 2.02592525 2.18330497 2.11150036
  2.39311495 2.00063583 2.47934741 1.77075286]
 [3.44478007 2.78033672 2.57798749 2.18330497 4.39155634 3.23353296
  3.28355584 2.57816725 4.19456245 3.02921007]
 [2.85444311 2.29371715 1.70771832 2.11150036 3.23353296 3.43681962
  2.83266499 2.61571913 3.23603818 2.45888123]
 [2.97349581 2.57789564 2.30651924 2.39311495 3.28355584 2.83266499
  3.64416163 2.51421963 3.73390786 2.59043527]
 [2.41764729 1.98333077 1.55932879 2.00063583 2.57816725 2.61571913
  2.51421963 2.77970058 2.68215015 2.39152052]
 [3.48971486 2.82657925 2.72755164 2.47934741 4.19456245 3.23603818
  3.73390786 2.68215015 4.52996891 3.16941543]
 [2.3147884  1.70422506 1.66206029 1.77075286 3.02921007 2.45888123
  2.59043527 2.39152052 3.16941543 3.24358759]]
最急降下法
n= 10 , 2 回目
最適解は、 [-1.70966394e-04  1.17188844e-04  9.58681701e-05 -9.86243738e-05
 -5.42936225e-05  6.94454756e-05 -3.05648819e-05  3.63659298e-05
  5.38875765e-05  8.79210659e-06]
最適値は、 1.0307657020984702e-09
k= 2608
ニュートン法
n= 10 , 2 回目
最適解は、 [-9.94759830e-14 -2.84217094e-14  5.68434189e-14 -9.94759830e-14
  4.97379915e-14  3.55271368e-14  0.00000000e+00 -7.10542736e-15
  0.00000000e+00  1.06581410e-14]
最適値は、 1.1680865463538095e-26
k= 1


An= [[3.57489974 2.40976335 1.92796498 3.04911337 3.59131693 2.4075717
  3.29069835 2.81678747 2.20647417 2.78989116]
 [2.40976335 2.85933885 1.37072026 1.95198508 3.11996368 2.35544034
  1.95200549 1.90595234 2.37809853 2.43211587]
 [1.92796498 1.37072026 1.69813612 2.1853596  2.32398036 2.15872771
  2.17533453 1.75355333 1.47006286 2.06283999]
 [3.04911337 1.95198508 2.1853596  3.97011701 3.08951718 3.11455811
  3.25263995 3.29277215 2.04878533 2.47169046]
 [3.59131693 3.11996368 2.32398036 3.08951718 5.20412699 3.24820842
  4.18888433 3.27030392 2.75051174 3.70275854]
 [2.4075717  2.35544034 2.15872771 3.11455811 3.24820842 3.34901184
  2.69360464 2.56540306 2.23620169 2.8856916 ]
 [3.29069835 1.95200549 2.17533453 3.25263995 4.18888433 2.69360464
  4.51529895 3.35501599 2.18233603 2.99170553]
 [2.81678747 1.90595234 1.75355333 3.29277215 3.27030392 2.56540306
  3.35501599 3.75341706 1.58378697 2.21227152]
 [2.20647417 2.37809853 1.47006286 2.04878533 2.75051174 2.23620169
  2.18233603 1.58378697 2.62585403 2.0746262 ]
 [2.78989116 2.43211587 2.06283999 2.47169046 3.70275854 2.8856916
  2.99170553 2.21227152 2.0746262  3.46023701]]
最急降下法
n= 10 , 3 回目
最適解は、 [-0.02711453  0.02607624  0.02258709  0.02330028 -0.00235783 -0.03863167
  0.00467064 -0.00260153 -0.00603347  0.00940671]
最適値は、 2.455039787394417e-07
k= 85077
ニュートン法
n= 10 , 3 回目
最適解は、 [ 1.45519152e-11 -2.18278728e-11 -1.45519152e-11 -1.45519152e-11
  9.09494702e-13  2.91038305e-11 -3.63797881e-12  2.72848411e-12
  5.45696821e-12 -7.27595761e-12]
最適値は、 3.907983608748827e-23
k= 1


An= [[2.50768394 1.99365011 1.83192989 1.58191809 2.57135898 2.30594452
  1.53307649 1.13613128 2.2034903  2.24352749]
 [1.99365011 2.13096623 1.49045151 1.69832639 2.00694647 1.95398178
  1.389077   1.20892107 2.23407699 2.29284662]
 [1.83192989 1.49045151 2.46354093 1.53660763 1.76692185 2.31590944
  1.3245296  1.23065006 1.66887121 1.41192873]
 [1.58191809 1.69832639 1.53660763 2.38395925 1.65515031 2.24519304
  1.57904501 1.57896275 2.33584347 1.98469923]
 [2.57135898 2.00694647 1.76692185 1.65515031 4.15230628 2.60154839
  2.31918804 1.0905688  3.19326128 2.4300079 ]
 [2.30594452 1.95398178 2.31590944 2.24519304 2.60154839 3.42966511
  1.49297996 1.78854884 2.58900107 1.94517046]
 [1.53307649 1.389077   1.3245296  1.57904501 2.31918804 1.49297996
  2.93312182 1.06275234 2.11804233 1.75880979]
 [1.13613128 1.20892107 1.23065006 1.57896275 1.0905688  1.78854884
  1.06275234 1.21899948 1.60737    1.29156426]
 [2.2034903  2.23407699 1.66887121 2.33584347 3.19326128 2.58900107
  2.11804233 1.60737    3.64665796 2.91116647]
 [2.24352749 2.29284662 1.41192873 1.98469923 2.4300079  1.94517046
  1.75880979 1.29156426 2.91116647 2.93063599]]
最急降下法
n= 10 , 4 回目
最適解は、 [-0.0543657  -0.0368175   0.01006552 -0.01886172  0.06302661 -0.01734899
 -0.0185595   0.1086839  -0.08594407  0.0862151 ]
最適値は、 2.8083818801718938e-08
k= 1585
ニュートン法
n= 10 , 4 回目
最適解は、 [ 2.32830644e-10 -1.86264515e-09  2.91038305e-10 -3.49245965e-10
  4.65661287e-10 -2.32830644e-10 -1.16415322e-10  1.16415322e-09
 -2.32830644e-10  2.32830644e-10]
最適値は、 1.1514080377078483e-18
k= 1


An= [[2.08537147 2.30426358 1.45039701 1.18612989 2.64023489 1.24869001
  2.24995765 2.23395089 2.13831282 2.18539168]
 [2.30426358 3.81596781 1.79239002 2.40275958 3.56349738 2.08708698
  2.22820916 3.48272636 3.18009626 3.23043674]
 [1.45039701 1.79239002 2.44232927 1.65384542 2.35184286 1.43332566
  1.70296579 1.74318269 1.6133816  2.28014413]
 [1.18612989 2.40275958 1.65384542 2.33148098 2.21537991 1.52566516
  1.21402713 2.44258827 1.84741269 2.55885655]
 [2.64023489 3.56349738 2.35184286 2.21537991 4.26037592 2.12834842
  3.01831603 3.38044995 3.10535285 3.18072938]
 [1.24869001 2.08708698 1.43332566 1.52566516 2.12834842 2.47235796
  1.23064975 2.33463954 1.61199763 2.40026432]
 [2.24995765 2.22820916 1.70296579 1.21402713 3.01831603 1.23064975
  2.98789045 2.36185187 2.11053484 2.38391066]
 [2.23395089 3.48272636 1.74318269 2.44258827 3.38044995 2.33463954
  2.36185187 3.83635397 2.62180775 3.60730581]
 [2.13831282 3.18009626 1.6133816  1.84741269 3.10535285 1.61199763
  2.11053484 2.62180775 3.12825978 2.62273915]
 [2.18539168 3.23043674 2.28014413 2.55885655 3.18072938 2.40026432
  2.38391066 3.60730581 2.62273915 3.99038292]]
最急降下法
n= 10 , 5 回目
最適解は、 [-9.49547104e-05 -1.34480762e-04  1.16852784e-04 -6.49770554e-05
 -6.82513542e-05 -2.70412136e-05  2.99503195e-06  2.67423108e-04
  1.51471361e-04 -1.36764523e-04]
最適値は、 1.5915862192812102e-09
k= 2384
ニュートン法
n= 10 , 5 回目
最適解は、 [-1.13686838e-13 -5.68434189e-14  1.13686838e-13  0.00000000e+00
  5.68434189e-14  3.55271368e-14  1.42108547e-14  1.13686838e-13
  0.00000000e+00 -5.68434189e-14]
最適値は、 2.3502123319835773e-26
k= 1


最急降下法のkの平均= 19045.4
ニュートン法のkの平均= 1.0