16 33
0 5 -42
1 11 -55
2 15 47
3 9 -21
3 10 88
3 14 56
4 6 64
4 9 80
4 11 -28
5 0 42
5 10 -33
5 15 -29
6 4 -64
7 9 -10
8 10 -72
8 11 -43
9 3 21
9 4 -80
9 7 10
10 3 -88
10 5 33
10 8 72
11 1 55
11 4 28
11 12 251
12 11 -253
12 13 13
12 15 -31
13 12 -13
14 3 -56
15 2 -47
15 5 29
15 12 31
